ring

6.911904 ,7.587088 ,6.729328 ,7.469016 ,6.691088 ,6.019592 ,7.229488 ,5.496272 ,5.921656 ,
11.1024 ,16.41048 ,19.93472 ,14.96952 ,19.1436 ,18.5204 ,20.86664 ,19.00136 ,20.58792 ,
10.02272 ,15.99896 ,18.40904 ,20.34792 ,16.48872 ,19.99952 ,17.90456 ,20.95536 ,20.96096 ,
16.80896 ,13.63968 ,16.72312 ,14.9028 ,19.60784 ,18.30208 ,21.414 ,21.218 ,20.86216 ,
17.83392 ,16.39648 ,19.41528 ,15.60928 ,14.87904 ,20.75472 ,17.56696 ,20.70112 ,20.09232 ,
11.70616 ,17.3744 ,14.79456 ,15.90552 ,19.33552 ,20.61872 ,17.46288 ,22.70144 ,20.216 ,
17.37304 ,14.4688 ,18.11272 ,15.08352 ,18.37976 ,22.30928 ,15.58744 ,17.57984 ,19.39776 ,
11.61424 ,12.7824 ,17.55536 ,18.8424 ,19.47216 ,18.376 ,18.58952 ,21.34744 ,19.34216 ,
17.10896 ,16.41552 ,19.6768 ,13.45056 ,17.66352 ,19.6988 ,21.15568 ,21.5352 ,21.6212 ,
12.03968 ,15.13568 ,20.99208 ,16.24912 ,18.0768 ,19.778 ,14.09496 ,20.98952 ,18.8464 ,
13.60696 ,14.7368 ,20.51944 ,19.89536 ,19.90944 ,22.11064 ,18.0916 ,18.78048 ,21.3328 ,
10.28112 ,19.7936 ,17.9504 ,17.77744 ,16.70312 ,20.24664 ,20.0348 ,21.09136 ,20.33328 ,
11.70456 ,16.3068 ,17.51816 ,15.28136 ,20.53064 ,19.83392 ,17.96784 ,20.42096 ,19.65208 ,
10.25432 ,12.7052 ,19.35808 ,14.31784 ,19.63912 ,20.06448 ,18.34424 ,18.19328 ,18.98896 ,
13.3104 ,14.20272 ,18.97064 ,16.45152 ,18.68384 ,18.78344 ,18.9524 ,19.11456 ,19.19104 ,
15.52592 ,15.68328 ,16.75328 ,16.678 ,18.47632 ,18.57352 ,17.26416 ,18.61112 ,18.504 ,
10.42696 ,15.57528 ,17.89032 ,18.33264 ,19.07056 ,18.88728 ,19.32384 ,19.28752 ,18.3944 ,
16.8336 ,16.02488 ,17.6544 ,16.92488 ,18.01384 ,18.44128 ,18.85824 ,18.7884 ,18.27168 ,
9.05488 ,18.33904 ,17.05056 ,18.17224 ,14.89912 ,18.3068 ,17.33192 ,18.5404 ,17.80112 ,
16.1256 ,11.92616 ,19.2076 ,18.22672 ,17.98032 ,18.29864 ,18.32264 ,17.86696 ,19.01488 ,
15.52328 ,14.62488 ,16.88352 ,15.71184 ,18.36536 ,17.6976 ,18.50448 ,18.07128 ,18.85296 ,
tree

7.608712 ,8.08984 ,7.543904 ,8.26112 ,7.813256 ,7.021464 ,7.608256 ,7.108632 ,6.312192 ,
11.20008 ,16.61928 ,21.24856 ,13.49592 ,18.99312 ,18.54288 ,18.11088 ,21.1128 ,20.45064 ,
11.46848 ,20.01808 ,18.26696 ,16.7532 ,19.27056 ,21.18912 ,20.23224 ,21.13264 ,20.9388 ,
16.65544 ,15.87392 ,17.25088 ,12.13744 ,12.74976 ,19.87752 ,19.15584 ,19.95232 ,19.63264 ,
12.6856 ,15.93952 ,17.46048 ,17.46016 ,20.43432 ,20.97488 ,19.41176 ,18.83392 ,21.77624 ,
16.50776 ,17.22136 ,16.73248 ,15.8364 ,19.87136 ,20.16704 ,17.87536 ,19.63216 ,20.11936 ,
12.2644 ,15.51136 ,19.20376 ,17.29384 ,17.2156 ,19.21616 ,16.87424 ,18.77152 ,19.26792 ,
12.00752 ,18.57168 ,18.36168 ,16.78384 ,16.66336 ,18.71336 ,18.10504 ,18.14864 ,18.46752 ,
12.08608 ,15.76808 ,16.95064 ,14.9452 ,17.88224 ,18.25432 ,17.0816 ,17.88336 ,18.98976 ,
11.06048 ,15.6196 ,17.66088 ,17.45952 ,18.4248 ,17.45632 ,16.3948 ,17.64944 ,17.72712 ,
11.14968 ,16.35104 ,17.39304 ,17.29264 ,17.2064 ,17.63512 ,17.56624 ,18.02688 ,17.9608 ,
16.432 ,15.21344 ,14.63512 ,15.6108 ,17.62856 ,17.14008 ,17.61768 ,17.47032 ,17.34208 ,
12.35856 ,14.49672 ,17.25944 ,12.69872 ,15.15936 ,17.25304 ,16.61544 ,17.48016 ,17.23264 ,
16.53888 ,12.13384 ,15.9508 ,16.37768 ,16.92288 ,17.54192 ,17.04384 ,16.94904 ,16.71304 ,
12.10952 ,15.1568 ,16.32048 ,16.43112 ,17.2108 ,17.07584 ,16.97904 ,16.9992 ,16.86128 ,
16.85872 ,15.48064 ,16.69944 ,16.55696 ,16.8976 ,16.89664 ,15.56352 ,16.75576 ,16.8712 ,
12.54448 ,14.10744 ,16.79296 ,14.36752 ,16.68944 ,16.71872 ,16.7264 ,16.74368 ,16.48904 ,
12.72032 ,15.022 ,16.58728 ,15.87568 ,16.50112 ,16.67536 ,16.36488 ,16.77624 ,16.5648 ,
11.38472 ,16.74144 ,16.7532 ,14.17528 ,16.54648 ,16.3772 ,16.48808 ,16.5968 ,16.79472 ,
11.7376 ,16.13448 ,16.2948 ,16.59616 ,16.45264 ,16.41824 ,16.49456 ,16.2636 ,16.53656 ,
12.19136 ,16.54504 ,16.55696 ,16.53792 ,16.55216 ,16.1388 ,16.47344 ,16.48872 ,16.33856 ,
default

7.966208 ,7.850744 ,7.49156 ,7.776152 ,7.502944 ,7.283376 ,7.58928 ,7.314816 ,6.083064 ,
9.95032 ,18.75576 ,20.94816 ,14.3056 ,20.90376 ,19.51504 ,14.6324 ,21.57136 ,20.998 ,
11.65136 ,15.64536 ,16.9408 ,15.89928 ,17.40168 ,19.4368 ,18.81088 ,20.96504 ,20.85008 ,
12.78152 ,18.96704 ,19.00752 ,17.33912 ,18.15128 ,21.7752 ,17.5024 ,21.90192 ,20.45248 ,
13.01392 ,15.03032 ,19.09216 ,15.3208 ,20.50896 ,21.01856 ,19.80224 ,18.48928 ,20.34256 ,
14.54152 ,13.13896 ,19.21984 ,15.65672 ,17.92096 ,19.35664 ,17.1228 ,19.79296 ,20.31752 ,
10.47768 ,15.5332 ,17.79472 ,16.99 ,16.86008 ,18.69992 ,19.18592 ,19.06688 ,18.95064 ,
11.8968 ,16.57616 ,18.06808 ,15.63872 ,18.1088 ,18.79344 ,15.94952 ,17.95496 ,18.26376 ,
12.21576 ,16.99992 ,17.81816 ,14.68512 ,18.062 ,17.99968 ,17.3472 ,17.9056 ,18.22552 ,
13.73776 ,14.64912 ,17.79712 ,14.38672 ,17.85408 ,17.87792 ,16.87528 ,18.35872 ,17.39384 ,
15.03048 ,11.12248 ,17.55408 ,15.53912 ,17.35688 ,17.39528 ,17.90384 ,17.92032 ,17.21552 ,
12.45584 ,15.6016 ,17.57448 ,17.09056 ,16.44352 ,17.31672 ,17.22424 ,17.73072 ,17.03656 ,
16.97384 ,15.25936 ,15.1944 ,15.81416 ,16.96024 ,17.17736 ,17.2712 ,17.16336 ,17.20416 ,
10.26808 ,16.02904 ,17.11752 ,13.92712 ,17.05576 ,16.9852 ,16.694 ,17.21432 ,17.3472 ,
11.81624 ,13.06264 ,16.93376 ,16.95712 ,17.18816 ,16.4148 ,16.69296 ,16.51744 ,16.91296 ,
11.67616 ,16.9656 ,16.46232 ,16.6808 ,16.76032 ,16.64096 ,15.7352 ,16.89168 ,16.72128 ,
12.52808 ,16.78936 ,16.63824 ,14.78888 ,16.66968 ,16.4976 ,16.72904 ,16.53312 ,16.60848 ,
16.57656 ,16.42392 ,15.26992 ,14.18968 ,16.11008 ,16.5028 ,16.82536 ,16.80896 ,16.65704 ,
10.1888 ,14.06384 ,16.61352 ,15.64192 ,16.76976 ,16.306 ,16.73432 ,16.5376 ,16.56152 ,
16.55072 ,16.0108 ,16.55872 ,16.01576 ,16.58176 ,16.322 ,16.53696 ,16.18672 ,16.45816 ,
16.37544 ,16.42408 ,16.56888 ,16.47184 ,16.57408 ,16.2524 ,16.71056 ,16.33584 ,16.51552 ,
